A = [0 1 3 1; 2 -3 -2 0; 1 0 3 -2; -3 2 0 4]
b = [4.6; -16; 10.2; -6.3]

% Way 1
x = A^-1*b

% Way 2
x = A\b